1429610
899190
1188710
765640
979790
1066600
1038740
720280
844930
992700
411880
700470
882940
1377360
1012800
1111450
1374480
1496380
1633470
1416160
516600
714130
545340
1213000
1135380
873490
846660
1215120
740260
1127140
1125480
692790
813300
1007800
491420
769550
617660
1192860
1138080
1283210
903150
645690
1006400
599480
1508920
347620
862690
1250760
794950
1189850
1306750
899760
737710
1461740
986280
1167700
653950
1340860
546080
473460
948830
1226020
939400
543930
654260
1528130
701930
325120
1268140
895220
1130900
836480
1345740
1372310
1268870
1164000
1012240
1133610
1217410
944020
1494190
1149510
1094320
913160
1424720
1002290
839640
1625230
1301620
1049100
1429040
992740
1089630
885140
1250770
1168470
739000
1131740
939750
1175120
1107050
1057680
1347450
1002560
1110690
668630
883870
952420
490390
846670
370280
1334020
1202300
1203970
985080
1192910
1292750
1354240
864420
895990
649170
1140610
1003750
1099140
1225780
1161870
1184420
1294060
1327020
985740
1108320
779640
1263450
876850
1286330
1070020
703700
1116210
962970
965890
1110720
897270
766560
417110
1339410
715650
931470
629960
1238520
1483350
1513390
899940
386480
1373320
1091720
1080990
965860
1486690
1198310
782690
766280
1264350
1416240
1207210
1521190
644200
323490
871570
1058000
349320
976060
617820
1315160
1422540
1020930
1063190
1109460
942930
495990
1559840
1560400
1426500
1086680
1010870